10 13 00 08  04 05 16 00  11 09 15 14  01 02 07 03
03 07 14 05  01 08 13 06  00 16 02 10  09 04 11 00
16 04 01 11  03 00 00 15  00 08 05 06  14 10 00 13
02 00 00 15  14 10 07 11  00 04 13 03  08 06 00 16

09 12 00 00  15 13 14 00  05 07 00 00  06 01 03 11
00 11 02 06  05 16 01 07  00 10 08 00  13 14 15 00
13 16 00 03  10 12 06 08  15 01 14 11  02 07 09 04
01 14 15 07  00 11 00 00  13 06 00 02  00 00 08 10

11 03 07 12  08 06 00 16  02 14 00 13  04 05 10 09
06 15 04 16  07 01 00 00  09 03 00 05  11 00 00 08
14 10 13 00  02 03 05 09  08 00 00 04  16 00 00 07
00 08 09 02  13 04 00 10  16 12 06 07  00 15 14 01

08 02 03 14  16 15 09 01  04 05 07 12  10 11 13 06
07 01 11 04  12 02 10 05  06 00 00 08  15 09 16 14
00 06 00 00  11 07 03 13  14 00 00 01  12 08 00 00
12 05 00 00  00 00 00 04  10 11 09 15  00 03 01 02